0.130066116932049
0.0365202462650868
0.0457264089847202
0.0843284207640962
0.0548904445304925
0.0290703200013599
0.116682131626435
0.142033352306105
0.00495209681599519
0.0203388456217867
0.00151577683959519
0.0213600852578437
0.00381032867909513
0.00804801648127618
0.0257809360763726
0.00170353476845035
0.00111542534329108
0.000191631333891332
0.022833186524893
0.00574921366946215
0.0151805819323895
0.00400576985887394
0.0107918194976661
6.19717117820552e-06
0.000531775508786178
2.92689451978075e-05
6.36544051442264e-09
6.94115358889259e-10
0.000977558424820947
0.000714356694861191
0.00239951932040431
0.00122726892753692
2.88611279970082e-05
0.00323397314686113
0.00532860916954761
0.000792433524182855
0.0227135573788417
0.00963694188781807
0.000362970288089471
0.0124939227146012
0.00207350164380182
0.0009370667964117
0.00342112130584303
0.00601803629742838
0.000220882893464651
0.00759916880896054
0.00953610025805854
0.00770549515478168
0.0240402667793628
0.00867436610085125
0.0178840944040212
0.0124295653217451
0.00760628362068351
2.40337365183429e-05
0.0105963923740135
0.0292666321070082
0.00174777701221232
0.00304730398332708
