0.377
0.784
0.881
0.008
0.004
0.961
0.996
0.996
0.984
0.996
0.996
0.983
0.012
0.996
0.018
0.004
0.996
0.008
0.996
0.939
0.008
0.004
0.972
0.012
0.172
0.681
0.008
0.012
0.793
0.035
0.089
0.156
0.996
0.012
0.023
0.082
0.996
0.945
0.027
0.737
0.004
0.898
0.961
0.532
0.012
0.775
0.004
0.059
0.008
0.976
0.25
0.854
0.009
0.098
0.992
0.939
0.172
0.748
0.984
0.028
0.957
0.983
0.004
0.653
0.036
0.008
0.407
0.004
0.016
0.996
0.996
0.716
0.98
0.008
0.941
0.004
0.992
0.132
0.984
0.012
0.004
0.996
0.004
0.533
0.004
0.945
0.996
0.008
0.988
0.012
0.087
0.828
0.041
0.996
0.187
0.488
0.087
0.98
0.716
0.98
0.988
0.968
0.029
0.914
0.028
0.992
0.004
0.031
0.004
0.883
0.984
0.835
0.435
0.996
0.134
0.805
0.192
0.087
0.004
0.009
0.012
0.032
0.028
0.988
0.163
0.985
0.197
0.426
0.057
0.985
0.254
0.029
0.728
0.965
0.996
0.969
0.004
0.575
0.996
0.98
0.882
0.959
0.73
0.004
0.968
0.02
0.917
0.041
0.016
0.984
0.031
0.996
0.024
0.298
0.996
0.967
0.039
0.114
0.98
0.992
0.996
0.996
0.004
0.984
0.977
0.96
0.049
0.046
0.008
0.18
0.008
0.193
0.062
0.972
0.952
0.042
0.937
0.131
0.785
0.984
0.239
0.34
0.928
0.976
